9.2
20.7
12.9
20.4
27.8
12.7
14.6
12.8
6.1
22.3
9.6
26.2
21.2
26.3
32.2
20.5
6.2
22.5
5.1
29.2
16.5
5.8
28.4
8.5
28.2
24.4
6.3
20.5
17.6
23.9
5.4
13
26.5
18.9
28.9
20.4
5.3
5.4
6.9
6
ERROR
ERROR
16.3
6.3
9.3
28.8
17
32.2
27.1
31.5

26.3
8.1
15
9.5
11.5
20.4

25.2
13.7
34.7
5.7
32.9
11.6
6.2
22.8
7.8

8.2
14.7
29.8
6.3
31.9
32.8
13.4
24
10.8
10.5
11.9
ERROR

9.1
ERROR
13.8
21.7
8.7
16.7
ERROR
15.4

21.3
ERROR
8.8
5.1
33.2
17.1
17
32.3

ERROR
15
23.5
ERROR
27.4
15.2
29.1
31.6
10.7
11.9
24.2
17.6
31.4
33.6
ERROR
31.7

22.6
24
26.2
29.2
20.6
11
28.7
11
ERROR
6.7
14.4
13.7
31.5
16
27.9
35
30.7
10.5
ERROR
23.4
33.7
19.1
ERROR
32.6
ERROR
ERROR
14
5.6
ERROR
25.3
34.5
33.2
5.9
24.7
25.6
15.9
11.6
24.3
14.7
8
30.3
34.4
5
15.5
10.5
8.3
ERROR
24.7
24.3
30.8
23.5
17.9
28.7
21.1
17.3
34.2
11.8
21.2
25.8
22.7
18.5

30.8
17.4
9.9
17.2
33.6
14.3
26.4
7.9
28.9
32.2
ERROR
11.3
ERROR
ERROR
24.2
20.2
6.9
32.1
32.6
9.6
9
8.3
24.6
12.1
ERROR
29.8
22.9
28.8
21.3
5
7.8
28.6
26.6
ERROR
31.7
17.1
ERROR
30.3
ERROR
24.9
28.9
ERROR
10.6
34
29.4
32.2
13.1
15.8
32.6
ERROR
30.4
30.5
8.1

31.5
34.1
21.6
14.5
11
8.5
18.9
21.9

13.3

23.6
6.3
31.3
ERROR
ERROR

12.2
29.9
ERROR
29.9
30.1
31.7
31.3
23.6
18.8
18.6
13.5
9.2
8.3
20.4
19.1
9.6
28.3
29.4

13.5
17.3
8.3
32.8
27.3
19.3
ERROR
29.7
19.2
25.5
ERROR
13.8
16.3
19.3

23.9
19.3
14.8
13.3
19.5
8.7
11.7
26.8
31.7
18.2
30.8
9.6
25.1
ERROR
ERROR
21.9
ERROR
ERROR
8.7

8.7
7.4
12.5
24.5
17.9
20.3
31.5
15.7
20.2
33.4
22.6
32.1
ERROR
29
23.3
10.3
6.4
32.5
7.9
31.5
31.5
17.5
19.7
9.3

11.2
15.8
10.3
26.3
16
25.7
32.7
6.4
6
19.7


25.2
30.3
7.4
16.5
25.7
29.7
17.1
29.5
31.1
11.2
26.9
10.8
33.8
16.1
18.7
24.6
20.4
ERROR
27.2
8.4
21.1
33.6
16.2
10
31.4
5.8
33.5
16.3
7.6
8
32.1
32.3


29.5
18.7
7.3
27.7
ERROR
33.7
6.6
8.6
21.2
6.1
8.3
12.4
17.5
14.3
5.3
27.1
34.9
26.3
32.8
18.6
11.5
6
17.6
6.1
34.4
15.9
31.2
31.4

8.1
28.2
26.3
11.1
ERROR
28.5
8.3
31
6.1
11.4
25.1
26.6
23.5
8.5
15.5
30.5
25
12.2
9
22.8
7.7
9.8
34.1
19.9
18.4

10.9
23.1
17.4
16.3
6.9
6.4
ERROR
16.5
30.3
7.1
11.9
7.5
10.6
34.9
25.9
11.2
12.6
9.4
9.8
18.8
18.1
20.8
32.4
34.3
29
25.5
23
28
ERROR
23.1
18.5
30.5
6.9
ERROR
28.8
15.8
9.5
32
23.3
29.8
28.8
30.9
27
17.2
30.4
ERROR
11.7
21.8
5.3
22.5
18.9
28
19.4
7.1
32.1
15.8
13.8
21.7
13.2
7.2
24.4
28.7
33.2
ERROR
10.6
9.1
ERROR
5.7
15.8
ERROR
31.8
6.6
20.8
30.1
6.8
8.7

16.1
15.1
17.9
31.5
14.3
9.6
ERROR
ERROR
15.3
28
ERROR
25.2
16.4
5.6
8.6
33.6
31.4
5.4
30.2
19.1
21.8

5.1
22.5
32
23.1
19.8

16.8
14.4


14.6
14.3
32.9
17.9
ERROR
25.4
5
ERROR
11.3
ERROR
25.1
29
8.6
20.5
18.8
ERROR
11.8
31.6
ERROR
12.5
21.4
32.1
32.2
31.1
8
27.1
32.8
18.9
24.4
10.7
10.9
28.8
19
30.3
20.6
11.1
23.7
ERROR
13.3
22.9
24.4
15.9
34.7
30.3
ERROR
27.9
12.2
22.6
34.3
30.9
23.2
14.3
12.1
14.6
34.8
17.6
32.8
17.9
14.5
27.8
21.6
31.1
33.8
21.6
24.1
31.5
17.4
34.7
15.2
8.8
25.1
30.5
ERROR
22.3
10.7
6.3
9.3
6.8
34.5
34.1
9.2
12.3
ERROR
10.5

14.6
11.8
33.4
19.7
16.6
5.2
16.4
15.9
22.9
27.2
15.6
5.2

10.4

17.8
6.8
8.4
10.2
19.1
9.6
33.8
ERROR
11.2
26.6
20.9
31
25.5
34.1
29.8
12.7
28.1
34.1
7.8
14.9
22.3
11.9
ERROR
33.6
6.2
27.8
27.2
16.1
8.9
5.3
12
16.6
7.3
35
26.6

24.1
32
11.9
9.8

26.8
32.9

12.5
10.7
12.8
9.4
15.1
34.8
7.6
25.8
22.1
6.6
8.8
30.2
9.2
34.1
19.6
7.7
16.9
29.8
29.3

9.4
21.6
29.1
6.2
5.2
28
21.8
ERROR
33.2
ERROR
8.7
32
ERROR
22.9
5.2
28.8
14.8

ERROR
8.8
ERROR
22.2
6.1
8
33.9
26.7
20.9
23.4
31.6
25.6
21.7
20.9

28.9
12.4
25.4
29.5
18

16
24.3
9.7
32.2
31.2
19.3
10.4
18.2

30.6
23.8
23.5
12.2
30.6
13.5
32.1
ERROR
15.9


16.2
22.2
16.1
7.5
14.5
7
12.2
21.7
31
6.2
7.9
34.1
16.9
9

16.5
11.3
15.2
11.4
21.8
13.4
17.3
ERROR
28.6
6.3
15.4
11.9
32.8
5.1

13.1
27.5
8.4
33
30.7
32
15.3
14.2
27.8
25.6
24.8
34.4
15.2
7.4
6.9
13.2
24.1
5.3
ERROR
7.7
17.3

32.9
9.4
5.1
32.7
ERROR
5.3
19.8
27.6
10.2
ERROR
32.7
11.6
34
6.1
17.9
22.4
28.7
19.6
22.6
17.9
23.6
12
8.5
5.7
26.6
14.6
12.2
ERROR
11.3
15.8
22.5
28.8
22
19.9
6.1
28.4
29.9
23.9
ERROR
21.4
18.6
21.1
ERROR
10.1
12.3
30.8
13.3
11.8
30.4
29.8

28.5
6.4

33.2
19.7
23.3
31.6
26.7
ERROR
6.4
14.3
20.9
7
12.4
33.6
ERROR
31.8
6.3
31.5
30
21.5
21.4
21.4
29.6
32.1
8.1
7.4
33.6
30.1
25.4
25.7
17.1

12.5
8.6
13.5
17.7
30.6
17.8
7.4

12.4
15.3
30.5
9.8
21.1
28
23.7
34
15.7
32.8
33.6
28.4
29.8
12.4
14.2
27.6
9.5
14.2
16.9
9.1
7.7
22.5
20.5
29
31.5
7.1
9.6
20.1
28.5
13.7
16.2
ERROR
5.3
5.3
17

17.4
17.6
11.3
8.5
8.2
31.5
15.3
18.7
23.1
26.6
15.4
34.8

9.7
22.2
20.2
17
6.3
5
27.7
9.7
19.8
19.9
32.4
9.8
11.7
8.9
11.4
27.1
18.4
6.6
21.2
23
19.5
14
18.7
30.4

15
ERROR
19.9
12.3
24.9
19.8
14.2
23.1
21
ERROR
20.6
24
ERROR
ERROR
9.2
13.1
29.2
18.8
9
31.3
25.3
